## {'coords': 'spherical', 'metric': 'Euclidean', 'sep_units': 'arcmin', 'bin_type': 'Log'}
#   r_nom       meanr       meanlogr      kappa        sigma        weight       npairs   
  1.3445e-01   1.4406e-01  -1.9505e+00   8.3827e-01   1.1725e-03   5.9169e+05   1.1006e+06
  2.4303e-01   2.6005e-01  -1.3594e+00   8.3803e-01   4.5011e-04   1.9153e+06   3.5626e+06
  4.3931e-01   4.6966e-01  -7.6755e-01   8.3950e-01   2.9309e-04   6.1844e+06   1.1504e+07
  7.9411e-01   8.4933e-01  -1.7457e-01   8.3878e-01   2.0225e-04   1.9869e+07   3.6958e+07
  1.4355e+00   1.5359e+00   4.1802e-01   8.3854e-01   1.5262e-04   6.2729e+07   1.1668e+08
  2.5948e+00   2.7743e+00   1.0092e+00   8.3857e-01   9.2944e-05   1.9204e+08   3.5721e+08
  4.6904e+00   5.0071e+00   1.5994e+00   8.3862e-01   1.0323e-04   5.6254e+08   1.0464e+09
  8.4785e+00   9.0869e+00   2.1951e+00   8.3859e-01   9.6193e-05   1.6675e+09   3.1018e+09
  1.5326e+01   1.6447e+01   2.7883e+00   8.3861e-01   8.1514e-05   5.2949e+09   9.8491e+09
  2.7704e+01   2.9727e+01   3.3799e+00   8.3863e-01   9.3555e-05   1.6938e+10   3.1507e+10
  5.0078e+01   5.3705e+01   3.9713e+00   8.3862e-01   9.8118e-05   5.3659e+10   9.9811e+10
  9.0523e+01   9.6979e+01   4.5622e+00   8.3862e-01   9.9237e-05   1.6753e+11   3.1162e+11
  1.6363e+02   1.7523e+02   5.1537e+00   8.3861e-01   1.0060e-04   5.1282e+11   9.5390e+11
