1.004385178064472320e-04 3.074049521331329563e-05 1.811038193522021721e-05 1.652157882796144242e-05 1.660620668835092326e-05 1.547528156428536235e-05 1.503443876560540527e-05 -1.100445918130617351e-06 -1.154648426762371621e-06 -2.547992388046663384e-06 -1.653617957021012512e-06 -2.091447141442045117e-06 -1.788307592476366357e-06 -1.536619790260881526e-06 -2.354797400251603283e-06 -1.975766821357707121e-06 -2.004601683828078581e-06 -1.982386190603352529e-06 -1.900930139953339014e-06 -1.788656593125404187e-06 -1.577247058956218181e-06
3.074049521331329563e-05 2.483187300159999918e-05 1.093760639926922701e-05 1.029006017872480114e-05 9.088989455750236672e-06 8.515156874614488800e-06 8.421396086023662659e-06 -1.493213485252729066e-06 7.083466432679329973e-07 -3.412855611798591334e-07 -4.101881376154577533e-07 -5.300427516804538335e-07 -4.759526359120362671e-07 -4.281231351091291721e-07 -3.492783440667075402e-07 -6.906711207887993953e-07 -5.491776115190190821e-07 -5.339645542235644474e-07 -5.154301375044822597e-07 -4.896845118128331252e-07 -4.199938447789277514e-07
1.811038193522021721e-05 1.093760639926922701e-05 7.990552699229533048e-06 8.420512361548479610e-06 7.886088418898957650e-06 7.407100265959053261e-06 6.823276382335677935e-06 -1.828947039620800223e-06 5.478885169663679596e-07 -1.960751556428124503e-07 -2.407196137158060237e-07 -3.431806721221669621e-07 -3.298423969004911060e-07 -2.829065166775887158e-07 -5.157956400776939511e-07 -4.303628588548716960e-07 -3.879866834411390009e-07 -3.830799647017361861e-07 -3.660782155823017893e-07 -3.434991302493724746e-07 -3.096404561697277986e-07
1.652157882796144242e-05 1.029006017872480114e-05 8.420512361548481304e-06 9.550118775860327419e-06 8.870208473705280220e-06 8.379036514358623427e-06 7.616927965964143283e-06 -1.829839779352705391e-06 6.708071422681631848e-07 -1.099060532713205864e-07 -1.872287328790363095e-07 -2.729288791077942660e-07 -2.908521121973357791e-07 -2.478558122532687795e-07 -4.921704832167448234e-07 -3.831346183928376681e-07 -3.448915191516270679e-07 -3.447765253729517185e-07 -3.276236872753011121e-07 -3.063503958070077723e-07 -2.794451036739789297e-07
1.660620668835092326e-05 9.088989455750236672e-06 7.886088418898957650e-06 8.870208473705281914e-06 8.667966018396912898e-06 8.296176836809506544e-06 7.817072907274601472e-06 -1.811501000929454298e-06 5.279508293765214997e-07 -1.743378131808333012e-08 -1.456549783425490335e-07 -2.203165694781747934e-07 -2.432372284493527812e-07 -1.911940659332817683e-07 -4.494929977733208606e-07 -3.276971295327228078e-07 -2.934531228251391240e-07 -2.953640473528022809e-07 -2.780697574826238288e-07 -2.564520863603864662e-07 -2.189872609162863785e-07
1.547528156428536574e-05 8.515156874614487106e-06 7.407100265959053261e-06 8.379036514358625121e-06 8.296176836809506544e-06 7.995830872383617759e-06 7.637733343303107443e-06 -1.654714454416682118e-06 4.630958181499527652e-07 4.939510217436412045e-08 -1.139293796193277922e-07 -1.732735569661506060e-07 -1.979407035566674788e-07 -1.470661173871559721e-07 -3.863645338142031736e-07 -2.803533465865486176e-07 -2.441791013434864463e-07 -2.472795047121709840e-07 -2.310066931196937195e-07 -2.101736473683700791e-07 -1.715084356962308998e-07
1.503443876560540527e-05 8.421396086023662659e-06 6.823276382335679629e-06 7.616927965964143283e-06 7.817072907274601472e-06 7.637733343303107443e-06 7.611110970925976891e-06 -1.562701719304337323e-06 3.291095048375799149e-07 1.534517495757431497e-07 -6.876423726842375396e-08 -1.088225797174091421e-07 -1.362565732748602988e-07 -7.408729010172847175e-08 -2.641192907661746302e-07 -2.141472619199815544e-07 -1.740239714969282876e-07 -1.773036076336169225e-07 -1.622672044701276167e-07 -1.414902267737564754e-07 -8.866485916206471787e-08
-1.100445918130617562e-06 -1.493213485252729278e-06 -1.828947039620800223e-06 -1.829839779352705814e-06 -1.811501000929454722e-06 -1.654714454416681694e-06 -1.562701719304337111e-06 1.444819560794755273e-06 -2.565543893361030346e-07 1.810079237879270814e-08 2.027549194094759847e-08 3.278627977579455098e-08 6.002215347967244741e-08 2.015357700539133543e-08 5.818019670534539036e-08 5.414101291408578140e-08 7.547783089020770024e-08 6.842926703374342283e-08 6.416100917675861788e-08 5.448208173490633263e-08 2.608227234082134404e-08
-1.154648426762371409e-06 7.083466432679329973e-07 5.478885169663679596e-07 6.708071422681630789e-07 5.279508293765216056e-07 4.630958181499527652e-07 3.291095048375799149e-07 -2.565543893361030346e-07 2.134028513734660221e-07 3.226255011823130518e-08 2.577258578167382566e-08 2.166531189876915949e-08 3.614945036744688233e-09 -7.311540599231356011e-09 4.652154701223928443e-09 -4.751285835134685885e-09 2.140943918321600845e-09 2.110045933721329687e-09 1.303043318719819078e-09 -1.619317349712099510e-09 -1.008159920064014863e-08
-2.547992388046663384e-06 -3.412855611798591334e-07 -1.960751556428125032e-07 -1.099060532713205864e-07 -1.743378131808333012e-08 4.939510217436408736e-08 1.534517495757430968e-07 1.810079237879271145e-08 3.226255011823130518e-08 1.614427515113975400e-07 7.747346487830049084e-08 9.042903373201778035e-08 8.015760955745451789e-08 7.511749572345272543e-08 9.396915142836995031e-08 7.717797522962247263e-08 8.992928831333245249e-08 8.794854753825658910e-08 8.524256128960057797e-08 8.123521461728406934e-08 7.765153101254838828e-08
-1.653617957021012512e-06 -4.101881376154577004e-07 -2.407196137158059708e-07 -1.872287328790363095e-07 -1.456549783425490335e-07 -1.139293796193277657e-07 -6.876423726842375396e-08 2.027549194094759517e-08 2.577258578167382566e-08 7.747346487830050408e-08 5.116038463460274151e-08 5.491291860536402206e-08 4.739456267228172671e-08 4.301471054106573925e-08 5.608307702877704579e-08 5.083773084069922031e-08 5.425125296475049737e-08 5.340573309622924212e-08 5.167727606609706667e-08 4.891208319078893514e-08 4.466763420106986801e-08
-2.091447141442045117e-06 -5.300427516804539394e-07 -3.431806721221670150e-07 -2.729288791077943189e-07 -2.203165694781748463e-07 -1.732735569661505796e-07 -1.088225797174091553e-07 3.278627977579457745e-08 2.166531189876915618e-08 9.042903373201778035e-08 5.491291860536402206e-08 6.794698173099793371e-08 5.743368917809788213e-08 5.299369782383185187e-08 7.682819302359581347e-08 6.081814475519717383e-08 6.311744365974750490e-08 6.209705246762693873e-08 6.039709415890415346e-08 5.819672916188227459e-08 5.538911766660624222e-08
-1.788307592476366357e-06 -4.759526359120360554e-07 -3.298423969004910530e-07 -2.908521121973357261e-07 -2.432372284493527812e-07 -1.979407035566674788e-07 -1.362565732748602988e-07 6.002215347967246065e-08 3.614945036744689473e-09 8.015760955745451789e-08 4.739456267228172671e-08 5.743368917809788875e-08 5.179423975649492615e-08 4.758948453679087682e-08 6.490718145363917042e-08 5.394145111494810288e-08 5.700180466091489427e-08 5.618956491934984977e-08 5.462369811055827695e-08 5.274762558620679969e-08 4.968472142029026901e-08
-1.536619790260881738e-06 -4.281231351091292780e-07 -2.829065166775887158e-07 -2.478558122532687795e-07 -1.911940659332817683e-07 -1.470661173871559721e-07 -7.408729010172847175e-08 2.015357700539133543e-08 -7.311540599231356011e-09 7.511749572345272543e-08 4.301471054106573264e-08 5.299369782383183864e-08 4.758948453679087682e-08 4.700254999281100265e-08 6.285014039035720031e-08 5.106225718766717398e-08 5.248201786790032703e-08 5.198183516618489852e-08 5.072709560680387710e-08 4.963591399769068473e-08 4.929738046333391423e-08
-2.354797400251603283e-06 -3.492783440667074343e-07 -5.157956400776939511e-07 -4.921704832167447175e-07 -4.494929977733208606e-07 -3.863645338142031206e-07 -2.641192907661746302e-07 5.818019670534539036e-08 4.652154701223926789e-09 9.396915142836993707e-08 5.608307702877704579e-08 7.682819302359581347e-08 6.490718145363917042e-08 6.285014039035720031e-08 1.157145331117281730e-07 6.952453097985585078e-08 7.186716387162478857e-08 7.147464139254133024e-08 6.939010260723882058e-08 6.736782076917290483e-08 6.841210919976086455e-08
-1.975766821357707121e-06 -6.906711207887993953e-07 -4.303628588548716960e-07 -3.831346183928376152e-07 -3.276971295327228078e-07 -2.803533465865486176e-07 -2.141472619199815809e-07 5.414101291408576816e-08 -4.751285835134685885e-09 7.717797522962247263e-08 5.083773084069922031e-08 6.081814475519717383e-08 5.394145111494810288e-08 5.106225718766718060e-08 6.952453097985585078e-08 6.021030560238545584e-08 6.045631103410073786e-08 5.974067712730829593e-08 5.805386971295925806e-08 5.607134227865614075e-08 5.344035978454125130e-08
-2.004601683828078581e-06 -5.491776115190189762e-07 -3.879866834411390009e-07 -3.448915191516270679e-07 -2.934531228251391240e-07 -2.441791013434864993e-07 -1.740239714969282876e-07 7.547783089020771347e-08 2.140943918321602913e-09 8.992928831333245249e-08 5.425125296475048413e-08 6.311744365974750490e-08 5.700180466091489427e-08 5.248201786790032703e-08 7.186716387162478857e-08 6.045631103410073786e-08 6.457747759308033957e-08 6.358482141972538820e-08 6.156128014329313385e-08 5.878315154647406871e-08 5.497950828695495848e-08
-1.982386190603352529e-06 -5.339645542235644474e-07 -3.830799647017361861e-07 -3.447765253729516656e-07 -2.953640473528022809e-07 -2.472795047121709311e-07 -1.773036076336169225e-07 6.842926703374342283e-08 2.110045933721325964e-09 8.794854753825658910e-08 5.340573309622924212e-08 6.209705246762695196e-08 5.618956491934984977e-08 5.198183516618489852e-08 7.147464139254133024e-08 5.974067712730828269e-08 6.358482141972538820e-08 6.270794645662872274e-08 6.072435773179086526e-08 5.807509478435506258e-08 5.449991127237736703e-08
-1.900930139953338590e-06 -5.154301375044821538e-07 -3.660782155823016834e-07 -3.276236872753011121e-07 -2.780697574826237758e-07 -2.310066931196937195e-07 -1.622672044701276432e-07 6.416100917675860464e-08 1.303043318719820939e-09 8.524256128960057797e-08 5.167727606609706667e-08 6.039709415890415346e-08 5.462369811055827695e-08 5.072709560680387710e-08 6.939010260723882058e-08 5.805386971295925806e-08 6.156128014329313385e-08 6.072435773179085203e-08 5.886236238585368718e-08 5.643774306774734915e-08 5.316450232353063328e-08
-1.788656593125404187e-06 -4.896845118128331252e-07 -3.434991302493724746e-07 -3.063503958070077723e-07 -2.564520863603864662e-07 -2.101736473683700791e-07 -1.414902267737564754e-07 5.448208173490631940e-08 -1.619317349712100750e-09 8.123521461728406934e-08 4.891208319078892853e-08 5.819672916188228782e-08 5.274762558620679969e-08 4.963591399769068473e-08 6.736782076917290483e-08 5.607134227865614075e-08 5.878315154647406871e-08 5.807509478435506258e-08 5.643774306774734915e-08 5.452871023890546904e-08 5.200478789965239061e-08
-1.577247058956218181e-06 -4.199938447789278573e-07 -3.096404561697277986e-07 -2.794451036739789826e-07 -2.189872609162863785e-07 -1.715084356962308733e-07 -8.866485916206473111e-08 2.608227234082135397e-08 -1.008159920064014863e-08 7.765153101254838828e-08 4.466763420106986139e-08 5.538911766660624222e-08 4.968472142029026901e-08 4.929738046333391423e-08 6.841210919976086455e-08 5.344035978454125130e-08 5.497950828695495848e-08 5.449991127237736703e-08 5.316450232353062005e-08 5.200478789965239723e-08 5.202599205741979727e-08
