4.701096393338759688e-05 2.253878764822063278e-05 1.409492795025555693e-05 1.317568078679424954e-05 1.470258282758075387e-05 1.324412590865335328e-05 1.063259907122927845e-05 -1.550249986142026094e-06 -5.757305135077392781e-07 8.401698872985528284e-08 3.931174456090052527e-08 1.069519222744236620e-08 1.074003672786892881e-07 2.488659380260726402e-07 8.905084936389431678e-08 -1.711714212948329550e-08 7.093042679966854303e-08 4.409251410656415011e-08 6.285774962904409044e-08 1.302686337594674543e-07 2.444343347290409641e-07
2.253878764822063278e-05 2.288375426806759142e-05 1.170374913057118268e-05 1.117876617801601606e-05 1.087961267995831521e-05 9.833532225285826465e-06 7.777985677950251042e-06 -6.576432729773742866e-07 7.957794247925648885e-07 -3.334045612705055128e-07 -1.511387483839636879e-07 -6.658209047807680636e-08 -9.252801835405096302e-08 1.810899195420121077e-08 2.621021777058265796e-07 -1.021344247077366679e-07 -1.251606246760810826e-07 -9.651430200816870320e-08 -9.208441498704031898e-08 -5.170676167477273123e-08 4.816676867447648971e-08
1.409492795025555693e-05 1.170374913057118268e-05 1.007322888751745310e-05 1.016714362664692660e-05 9.974959207619418401e-06 9.281896586838026575e-06 7.610796653762593582e-06 -2.185187913795177108e-06 3.334277717396619418e-07 -3.868145347994510205e-07 -1.661710953292598781e-07 -9.476472665367157839e-08 -8.566329166087747336e-08 3.543059124873346174e-08 2.623829512597345753e-08 -1.164229819325128722e-07 -1.739713999650038660e-07 -1.565533797937652793e-07 -1.306552706155685164e-07 -6.394289810876156439e-08 2.181287851355237246e-08
1.317568078679424954e-05 1.117876617801601606e-05 1.016714362664692660e-05 1.123674308295241796e-05 1.065972746339701871e-05 1.001908624592573195e-05 8.542673266333797658e-06 -1.733088817568632659e-06 2.620012774466982470e-07 -3.929928972790304943e-07 -1.762559004612101227e-07 -1.320518037629467659e-07 -1.407963282349939231e-07 -3.150949162095468090e-08 -5.150174000099353329e-09 -1.658959224692379625e-07 -2.233623100437923691e-07 -2.048261487095624295e-07 -1.827009040782886465e-07 -1.262669331664153424e-07 -6.062729565029627290e-08
1.470258282758075387e-05 1.087961267995831521e-05 9.974959207619418401e-06 1.065972746339701871e-05 1.047323557617123558e-05 9.804258712261030599e-06 8.320545923356105394e-06 -2.020555187811141561e-06 2.746889115419571968e-07 -3.234604260308503919e-07 -1.411623544271129928e-07 -9.954147765809497012e-08 -1.009415881201941664e-07 8.625518977329551425e-09 -6.200045800430898041e-09 -1.352512740986871859e-07 -1.776490617886122521e-07 -1.684940108688708957e-07 -1.438638303759623920e-07 -8.640566030081811026e-08 -1.557211399390828001e-08
1.324412590865335498e-05 9.833532225285828159e-06 9.281896586838026575e-06 1.001908624592573364e-05 9.804258712261030599e-06 9.224965460538484514e-06 7.941584830443354558e-06 -1.877059956494504611e-06 2.423655601207802874e-07 -3.001516897082969279e-07 -1.323876884681370977e-07 -9.460806105628897112e-08 -9.610429218518596484e-08 4.988014167532763207e-09 -3.901885740130191717e-09 -1.302510733718427452e-07 -1.706480030422292691e-07 -1.607835930482833380e-07 -1.379566300005410724e-07 -8.311032657856323322e-08 -1.814758494919402895e-08
1.063259907122927676e-05 7.777985677950251042e-06 7.610796653762593582e-06 8.542673266333795963e-06 8.320545923356103700e-06 7.941584830443354558e-06 7.249805661351084697e-06 -1.295362115746787044e-06 2.064428529355293715e-07 -1.648100182447656720e-07 -7.450008615626007532e-08 -6.087277571390002392e-08 -5.922053393954111265e-08 1.266942064162462928e-08 1.879955512309484471e-08 -9.738817405572396246e-08 -1.183184948110331004e-07 -1.088434262155347340e-07 -9.393020678760600324e-08 -5.023430281017704356e-08 -6.414747078433772203e-09
-1.550249986142025883e-06 -6.576432729773740748e-07 -2.185187913795176685e-06 -1.733088817568632659e-06 -2.020555187811141561e-06 -1.877059956494504611e-06 -1.295362115746787256e-06 1.727644316692135413e-06 -8.906001102613565649e-08 1.870066935444644402e-07 1.014498982502088201e-07 5.325970071036856738e-08 4.912446162906192401e-08 -4.908191406819519144e-09 4.263321762562946853e-08 6.029250214502807071e-08 8.793758737235976035e-08 9.322016949919312473e-08 7.350471522027206332e-08 4.241229155229789351e-08 -4.351305986083899986e-09
-5.757305135077392781e-07 7.957794247925647826e-07 3.334277717396619418e-07 2.620012774466982999e-07 2.746889115419572497e-07 2.423655601207803403e-07 2.064428529355293980e-07 -8.906001102613565649e-08 2.117753604430139125e-07 -8.568893430298161332e-09 8.915718142130159532e-09 1.742393163011550114e-08 3.888768412278725995e-09 3.471012159843477262e-09 2.433148846327763087e-08 1.078418773847336086e-08 6.820553484470262473e-09 7.453803716880548130e-09 7.793344466979722204e-09 5.892250090493413632e-09 7.028312532319275471e-09
8.401698872985533578e-08 -3.334045612705055128e-07 -3.868145347994510205e-07 -3.929928972790304943e-07 -3.234604260308503919e-07 -3.001516897082968750e-07 -1.648100182447656720e-07 1.870066935444644402e-07 -8.568893430298162987e-09 6.667661481482083829e-08 3.253065478969271190e-08 2.121553023636741450e-08 2.669454441429384858e-08 1.768138413494010542e-08 9.542123514413633761e-09 2.288822817301741093e-08 3.382624957328990931e-08 3.202478692709793109e-08 2.933593056385025491e-08 2.573759449722926923e-08 1.896520494858867741e-08
3.931174456090053850e-08 -1.511387483839636614e-07 -1.661710953292598781e-07 -1.762559004612101227e-07 -1.411623544271129663e-07 -1.323876884681370713e-07 -7.450008615626010179e-08 1.014498982502088201e-07 8.915718142130164495e-09 3.253065478969271190e-08 3.577683360128037293e-08 3.131237651878604461e-08 3.145630029347462560e-08 2.631924195574845444e-08 3.170217776441337518e-08 2.986216499929804392e-08 3.335687415011297064e-08 3.307995662793718326e-08 3.180264946791800780e-08 3.083876190246440689e-08 2.612868101434527337e-08
1.069519222744241086e-08 -6.658209047807681960e-08 -9.476472665367156516e-08 -1.320518037629467659e-07 -9.954147765809497012e-08 -9.460806105628894465e-08 -6.087277571390002392e-08 5.325970071036856738e-08 1.742393163011550114e-08 2.121553023636741119e-08 3.131237651878604461e-08 2.993189210739009773e-08 2.943686118029000943e-08 2.622374356116607196e-08 3.382077244738835919e-08 2.825619778560224172e-08 2.971581193034472782e-08 2.987869655012722778e-08 2.916166290334473136e-08 2.929921511037026797e-08 2.644608891803689255e-08
1.074003672786893146e-07 -9.252801835405094979e-08 -8.566329166087746013e-08 -1.407963282349939231e-07 -1.009415881201941664e-07 -9.610429218518595160e-08 -5.922053393954114574e-08 4.912446162906192401e-08 3.888768412278725168e-09 2.669454441429384858e-08 3.145630029347463222e-08 2.943686118029000943e-08 3.242563124663996694e-08 2.976476436774628224e-08 3.237238419963746363e-08 2.959501884225213821e-08 3.194535739626321882e-08 3.227136490182717954e-08 3.149969966769730277e-08 3.254482713788988219e-08 3.016286273616457899e-08
2.488659380260726931e-07 1.810899195420122400e-08 3.543059124873346174e-08 -3.150949162095468090e-08 8.625518977329549771e-09 4.988014167532772306e-09 1.266942064162462928e-08 -4.908191406819523280e-09 3.471012159843476435e-09 1.768138413494010542e-08 2.631924195574845775e-08 2.622374356116607527e-08 2.976476436774628224e-08 2.954262187041990763e-08 3.169312430440758513e-08 2.642586656433603015e-08 2.752108667927569277e-08 2.801779022080968619e-08 2.787440333624230295e-08 3.029344053216952565e-08 2.990785477200444828e-08
8.905084936389430355e-08 2.621021777058265267e-07 2.623829512597350386e-08 -5.150174000099361601e-09 -6.200045800430902176e-09 -3.901885740130176827e-09 1.879955512309484471e-08 4.263321762562945530e-08 2.433148846327763087e-08 9.542123514413630452e-09 3.170217776441337518e-08 3.382077244738835919e-08 3.237238419963746363e-08 3.169312430440758513e-08 6.172214610354440637e-08 3.039617899237879838e-08 3.040008552972917565e-08 3.206109505880986036e-08 3.124375646915030751e-08 3.345802744476804015e-08 3.328729241374281786e-08
-1.711714212948330212e-08 -1.021344247077366679e-07 -1.164229819325128722e-07 -1.658959224692379625e-07 -1.352512740986871859e-07 -1.302510733718427452e-07 -9.738817405572396246e-08 6.029250214502804424e-08 1.078418773847336252e-08 2.288822817301741093e-08 2.986216499929804392e-08 2.825619778560224172e-08 2.959501884225213821e-08 2.642586656433603015e-08 3.039617899237879838e-08 2.813098468347221568e-08 2.973248410258797511e-08 3.009922289349021131e-08 2.927277702668131138e-08 2.957734513497680933e-08 2.672239745488759630e-08
7.093042679966854303e-08 -1.251606246760810562e-07 -1.739713999650038395e-07 -2.233623100437923691e-07 -1.776490617886122521e-07 -1.706480030422292426e-07 -1.183184948110331534e-07 8.793758737235976035e-08 6.820553484470266608e-09 3.382624957328990931e-08 3.335687415011297064e-08 2.971581193034472782e-08 3.194535739626321882e-08 2.752108667927569277e-08 3.040008552972917565e-08 2.973248410258797511e-08 3.362027287459039654e-08 3.344281417506308609e-08 3.219474052467484045e-08 3.178950846776071431e-08 2.816895885955884284e-08
4.409251410656415672e-08 -9.651430200816870320e-08 -1.565533797937652793e-07 -2.048261487095624560e-07 -1.684940108688709221e-07 -1.607835930482833380e-07 -1.088434262155347604e-07 9.322016949919312473e-08 7.453803716880548130e-09 3.202478692709793109e-08 3.307995662793718326e-08 2.987869655012723440e-08 3.227136490182717954e-08 2.801779022080969281e-08 3.206109505880986698e-08 3.009922289349021131e-08 3.344281417506308609e-08 3.369854756892396019e-08 3.238918890647965188e-08 3.224556168378474266e-08 2.870045332445620972e-08
6.285774962904410367e-08 -9.208441498704033222e-08 -1.306552706155685429e-07 -1.827009040782886465e-07 -1.438638303759623920e-07 -1.379566300005410724e-07 -9.393020678760601648e-08 7.350471522027206332e-08 7.793344466979725513e-09 2.933593056385025491e-08 3.180264946791800780e-08 2.916166290334473136e-08 3.149969966769730277e-08 2.787440333624230295e-08 3.124375646915030751e-08 2.927277702668131138e-08 3.219474052467484045e-08 3.238918890647965188e-08 3.132412698209729086e-08 3.151669652671785549e-08 2.846936259417742749e-08
1.302686337594674543e-07 -5.170676167477274447e-08 -6.394289810876156439e-08 -1.262669331664153688e-07 -8.640566030081811026e-08 -8.311032657856323322e-08 -5.023430281017704356e-08 4.241229155229790013e-08 5.892250090493415287e-09 2.573759449722926592e-08 3.083876190246440689e-08 2.929921511037026797e-08 3.254482713788988880e-08 3.029344053216952565e-08 3.345802744476804677e-08 2.957734513497680933e-08 3.178950846776071431e-08 3.224556168378474266e-08 3.151669652671785549e-08 3.284489160616011906e-08 3.089981840201100885e-08
2.444343347290409641e-07 4.816676867447648971e-08 2.181287851355237908e-08 -6.062729565029627290e-08 -1.557211399390827671e-08 -1.814758494919400910e-08 -6.414747078433765585e-09 -4.351305986083904949e-09 7.028312532319273817e-09 1.896520494858867741e-08 2.612868101434527337e-08 2.644608891803689255e-08 3.016286273616457899e-08 2.990785477200444828e-08 3.328729241374281786e-08 2.672239745488759630e-08 2.816895885955884284e-08 2.870045332445620972e-08 2.846936259417742749e-08 3.089981840201100885e-08 3.088288104235731631e-08
