1.002867188515903089e-04 3.082745406075771739e-05 1.822108173230083914e-05 1.661191583153266818e-05 1.653200329456884504e-05 1.548745904239518304e-05 1.502707289534566072e-05 -1.148676031526448647e-06 -1.084395796727825917e-06 -2.625883114345242237e-06 -1.636375285030446958e-06 -2.088787174060246142e-06 -1.786498668612316519e-06 -1.537478896520194054e-06 -2.348064259330153605e-06 -1.982481954804763087e-06 -1.995499579665439727e-06 -1.984686826400401044e-06 -1.899011475900633364e-06 -1.788253600773502148e-06 -1.578448321266675883e-06
3.082745406075772417e-05 2.489963689937234269e-05 1.098784564151022293e-05 1.035769918981630034e-05 9.125110827324529330e-06 8.552918294359785256e-06 8.449918574136606951e-06 -1.524505611524934797e-06 6.593723322360164099e-07 -3.395263589067952450e-07 -4.127383196702864655e-07 -5.294103284272414590e-07 -4.788299813212555532e-07 -4.311031385593884894e-07 -3.505248658274904781e-07 -7.021795081378514561e-07 -5.505980190358097811e-07 -5.367340280884130503e-07 -5.179920661897030589e-07 -4.921321721557344630e-07 -4.237139617577060660e-07
1.822108173230084253e-05 1.098784564151022462e-05 8.020464162109895674e-06 8.437860606152445351e-06 7.890730442599569518e-06 7.412004107869321885e-06 6.816268170200146912e-06 -1.894087011184875527e-06 5.331309815903073940e-07 -2.185899457075961433e-07 -2.439347083069206081e-07 -3.442685496701425858e-07 -3.338213060498132997e-07 -2.871612476895560317e-07 -5.169142834957206457e-07 -4.386306182710987407e-07 -3.913690568613679278e-07 -3.872382890926641926e-07 -3.698968329686718477e-07 -3.475251706564759365e-07 -3.143662375502947372e-07
1.661191583153266818e-05 1.035769918981629865e-05 8.437860606152445351e-06 9.536581692587989484e-06 8.859796108773298023e-06 8.367665980638732504e-06 7.604664182743793283e-06 -1.929129030746176673e-06 6.510868454508893283e-07 -1.329365496660473112e-07 -1.890347229859886980e-07 -2.709048243662348644e-07 -2.934952897089736027e-07 -2.499323208387074211e-07 -4.868451154547921161e-07 -3.902066836039930256e-07 -3.465018696049234447e-07 -3.469133173972237663e-07 -3.293295387892680695e-07 -3.083490411229671548e-07 -2.815623823145492315e-07
1.653200329456884504e-05 9.125110827324529330e-06 7.890730442599569518e-06 8.859796108773298023e-06 8.667372068808561683e-06 8.297351509560491577e-06 7.817945210723724887e-06 -1.913127394613334018e-06 5.182431598608761505e-07 -3.564009968242249854e-08 -1.420136297268717891e-07 -2.143683912466849718e-07 -2.415082427087109570e-07 -1.893952969305878485e-07 -4.394727838206391236e-07 -3.314845850665697058e-07 -2.910278492130877198e-07 -2.933163186319267263e-07 -2.759970773045315001e-07 -2.546210967243151231e-07 -2.172081299435421474e-07
1.548745904239518642e-05 8.552918294359785256e-06 7.412004107869323579e-06 8.367665980638730810e-06 8.297351509560493271e-06 7.996862054143513885e-06 7.638086359315207158e-06 -1.751041062626232557e-06 4.493418365015830685e-07 2.858848140914185014e-08 -1.117827455793920200e-07 -1.701039684399440577e-07 -1.981453634340568706e-07 -1.469071934640995875e-07 -3.793660251368476175e-07 -2.859366171026133714e-07 -2.437877311516475537e-07 -2.470586055588002999e-07 -2.308223003674769362e-07 -2.101714082575410897e-07 -1.713824401625471846e-07
1.502707289534566072e-05 8.449918574136608645e-06 6.816268170200146912e-06 7.604664182743793283e-06 7.817945210723724887e-06 7.638086359315207158e-06 7.607868277765154137e-06 -1.643521057181518802e-06 3.161444367864057916e-07 1.333176259486106133e-07 -6.511670100890616829e-08 -1.065687573939588336e-07 -1.358912231317128001e-07 -7.391167177821593218e-08 -2.579639234824394785e-07 -2.204686116130582063e-07 -1.736830036895874872e-07 -1.767571383934289867e-07 -1.621295641530182389e-07 -1.413617030021838364e-07 -8.857946511187122265e-08
-1.148676031526448435e-06 -1.524505611524934373e-06 -1.894087011184875527e-06 -1.929129030746176673e-06 -1.913127394613333595e-06 -1.751041062626232345e-06 -1.643521057181518802e-06 1.468327678626072559e-06 -2.666268274093501424e-07 1.863110129251017145e-08 1.857647087307190603e-08 3.338588824051596756e-08 6.009576934597443889e-08 2.062756876152932129e-08 6.237985113537351590e-08 5.764482058186923006e-08 7.648011203401453027e-08 6.912995104901211084e-08 6.534444054070581186e-08 5.538974373457500581e-08 2.733079485146216413e-08
-1.084395796727825705e-06 6.593723322360164099e-07 5.331309815903073940e-07 6.510868454508893283e-07 5.182431598608761505e-07 4.493418365015830685e-07 3.161444367864057387e-07 -2.666268274093501424e-07 2.030734351385732115e-07 2.982788013614289319e-08 2.263094081411558597e-08 1.913488892077476510e-08 7.246039988147802493e-10 -9.288752904508124719e-09 1.728575964965660793e-09 -7.049110948237903219e-09 -4.226740612838584892e-10 -3.102588368074511627e-10 -1.155572317544806105e-09 -4.069997173296092865e-09 -1.218578166219908740e-08
-2.625883114345242237e-06 -3.395263589067952450e-07 -2.185899457075961433e-07 -1.329365496660472847e-07 -3.564009968242253824e-08 2.858848140914187330e-08 1.333176259486105868e-07 1.863110129251019461e-08 2.982788013614290642e-08 1.642031418753226962e-07 7.862174416839237203e-08 9.229307007507597826e-08 8.188508093381345203e-08 7.627117689706015410e-08 9.698924574558619128e-08 7.829217092610678670e-08 9.110814505075325552e-08 8.977476217098314782e-08 8.672518239755651766e-08 8.276769842242964440e-08 7.893282702385366928e-08
-1.636375285030446747e-06 -4.127383196702864655e-07 -2.439347083069205552e-07 -1.890347229859886715e-07 -1.420136297268717362e-07 -1.117827455793919936e-07 -6.511670100890614182e-08 1.857647087307191264e-08 2.263094081411558927e-08 7.862174416839237203e-08 5.097728627480348040e-08 5.465186092673006583e-08 4.723017121732114387e-08 4.306094663964785577e-08 5.582194669227316997e-08 5.064014108594451971e-08 5.392195374825087268e-08 5.340031666865583209e-08 5.150430572573145373e-08 4.880098736769430301e-08 4.473104632508139187e-08
-2.088787174060246142e-06 -5.294103284272414590e-07 -3.442685496701425858e-07 -2.709048243662348644e-07 -2.143683912466849718e-07 -1.701039684399440577e-07 -1.065687573939588336e-07 3.338588824051598741e-08 1.913488892077477503e-08 9.229307007507597826e-08 5.465186092673006583e-08 6.782533059284158198e-08 5.740906742292923456e-08 5.291201231951125161e-08 7.651152533821318968e-08 6.047968284384867989e-08 6.280363525925636095e-08 6.212622361058925689e-08 6.025470832896070884e-08 5.812077501834973054e-08 5.526685558897732348e-08
-1.786498668612316519e-06 -4.788299813212555532e-07 -3.338213060498132468e-07 -2.934952897089736027e-07 -2.415082427087109570e-07 -1.981453634340568706e-07 -1.358912231317128265e-07 6.009576934597446536e-08 7.246039988147839716e-10 8.188508093381345203e-08 4.723017121732114387e-08 5.740906742292923456e-08 5.183101404868134644e-08 4.767704001363805453e-08 6.477441099233158923e-08 5.396420024990758522e-08 5.682816170101426701e-08 5.634363243565971660e-08 5.462133693768843956e-08 5.279413747094854863e-08 4.977925215221819275e-08
-1.537478896520194054e-06 -4.311031385593884894e-07 -2.871612476895560317e-07 -2.499323208387074211e-07 -1.893952969305877956e-07 -1.469071934640995875e-07 -7.391167177821590571e-08 2.062756876152933784e-08 -9.288752904508126374e-09 7.627117689706014087e-08 4.306094663964785577e-08 5.291201231951125161e-08 4.767704001363805453e-08 4.706238968503662859e-08 6.267359494291072963e-08 5.097771784709030799e-08 5.230029356537179700e-08 5.212679126646727139e-08 5.070106486258527857e-08 4.966986810119786346e-08 4.935387030075985781e-08
-2.348064259330153605e-06 -3.505248658274904781e-07 -5.169142834957206457e-07 -4.868451154547920103e-07 -4.394727838206391236e-07 -3.793660251368475116e-07 -2.579639234824394785e-07 6.237985113537351590e-08 1.728575964965660380e-09 9.698924574558617805e-08 5.582194669227316997e-08 7.651152533821318968e-08 6.477441099233158923e-08 6.267359494291072963e-08 1.152293211157309773e-07 6.883799184123417740e-08 7.132366803698385135e-08 7.130524213709917124e-08 6.902029283454329333e-08 6.712803547591338766e-08 6.818787272066659043e-08
-1.982481954804763087e-06 -7.021795081378514561e-07 -4.386306182710987407e-07 -3.902066836039930256e-07 -3.314845850665697587e-07 -2.859366171026133714e-07 -2.204686116130582063e-07 5.764482058186923006e-08 -7.049110948237897428e-09 7.829217092610678670e-08 5.064014108594451971e-08 6.047968284384867989e-08 5.396420024990758522e-08 5.097771784709030799e-08 6.883799184123417740e-08 6.019252465629611824e-08 6.021111673118744684e-08 5.982912108884565785e-08 5.796986176468805131e-08 5.603715186328017666e-08 5.332145083336645049e-08
-1.995499579665439727e-06 -5.505980190358097811e-07 -3.913690568613679278e-07 -3.465018696049234447e-07 -2.910278492130877198e-07 -2.437877311516475537e-07 -1.736830036895874343e-07 7.648011203401454350e-08 -4.226740612838472706e-10 9.110814505075324229e-08 5.392195374825087268e-08 6.280363525925637418e-08 5.682816170101426701e-08 5.230029356537179038e-08 7.132366803698385135e-08 6.021111673118744684e-08 6.408707221150122173e-08 6.345887987609575657e-08 6.127191538088530907e-08 5.856414506755397194e-08 5.479015584283980598e-08
-1.984686826400401044e-06 -5.367340280884130503e-07 -3.872382890926641926e-07 -3.469133173972238193e-07 -2.933163186319267263e-07 -2.470586055588002999e-07 -1.767571383934289867e-07 6.912995104901212408e-08 -3.102588368074604168e-10 8.977476217098314782e-08 5.340031666865583209e-08 6.212622361058925689e-08 5.634363243565972984e-08 5.212679126646726477e-08 7.130524213709917124e-08 5.982912108884565785e-08 6.345887987609575657e-08 6.294991633505787577e-08 6.078745648609374583e-08 5.819944465261069535e-08 5.464666669251453579e-08
-1.899011475900633364e-06 -5.179920661897029530e-07 -3.698968329686718477e-07 -3.293295387892680695e-07 -2.759970773045315001e-07 -2.308223003674769362e-07 -1.621295641530182654e-07 6.534444054070582509e-08 -1.155572317544804451e-09 8.672518239755650443e-08 5.150430572573145373e-08 6.025470832896070884e-08 5.462133693768843956e-08 5.070106486258527857e-08 6.902029283454329333e-08 5.796986176468803807e-08 6.127191538088529584e-08 6.078745648609374583e-08 5.875599644926645941e-08 5.639282550460592339e-08 5.312995708496602993e-08
-1.788253600773502148e-06 -4.921321721557344630e-07 -3.475251706564759894e-07 -3.083490411229671548e-07 -2.546210967243151231e-07 -2.101714082575410103e-07 -1.413617030021838893e-07 5.538974373457500581e-08 -4.069997173296089556e-09 8.276769842242964440e-08 4.880098736769430301e-08 5.812077501834974377e-08 5.279413747094855525e-08 4.966986810119787007e-08 6.712803547591340090e-08 5.603715186328017666e-08 5.856414506755398517e-08 5.819944465261069535e-08 5.639282550460593000e-08 5.454121164988208768e-08 5.203682515990089967e-08
-1.578448321266675883e-06 -4.237139617577060660e-07 -3.143662375502947901e-07 -2.815623823145492315e-07 -2.172081299435421474e-07 -1.713824401625471846e-07 -8.857946511187122265e-08 2.733079485146217075e-08 -1.218578166219908740e-08 7.893282702385366928e-08 4.473104632508139187e-08 5.526685558897732348e-08 4.977925215221819275e-08 4.935387030075985781e-08 6.818787272066659043e-08 5.332145083336645049e-08 5.479015584283980598e-08 5.464666669251453579e-08 5.312995708496602993e-08 5.203682515990089967e-08 5.207622385464679162e-08
