8.957250178123149032e-05 2.587578721663765305e-05 1.676365649534349849e-05 1.493428689249097649e-05 1.452332267142960591e-05 1.390532658070706070e-05 1.372012672867854678e-05 -8.766652130165939318e-07 -1.555006163019738359e-06 -2.271153508542626536e-06 -1.489176544288941687e-06 -1.842504951303721029e-06 -1.670009573771611012e-06 -1.393513168800822634e-06 -1.997127883025764982e-06 -1.791543533821421177e-06 -1.836032907135167950e-06 -1.803844307548478706e-06 -1.739320449314055015e-06 -1.636808749258031454e-06 -1.408647925022329742e-06
2.587578721663765305e-05 2.256266576487497052e-05 1.006391225435251657e-05 9.402360890165620537e-06 8.239825822217345416e-06 7.777330442988435942e-06 7.702913330290602018e-06 -8.232513461848742867e-07 7.669521681664222260e-07 -1.936326675135494657e-07 -2.569527087605204010e-07 -3.620089785588544935e-07 -3.328340822109153140e-07 -3.055239507630482349e-07 -2.141787035614512458e-07 -5.644694419522320656e-07 -4.250874157938406512e-07 -4.018055949161226466e-07 -3.905078646421145559e-07 -3.646748075066884547e-07 -3.054233048355567218e-07
1.676365649534349849e-05 1.006391225435251657e-05 7.414148647537812402e-06 7.627595666951191514e-06 7.029986805218640297e-06 6.533772916257354474e-06 5.904597572509039120e-06 -1.366125694269501917e-06 3.685752386252614771e-07 -1.898807816146834762e-07 -2.428772408222414662e-07 -3.324329685654078721e-07 -3.195286307690518746e-07 -2.776676923851428269e-07 -4.977070200495409099e-07 -4.149706922978600210e-07 -3.787248407518476464e-07 -3.671073253913526150e-07 -3.539991768905467194e-07 -3.328040446547816882e-07 -3.026351602833397019e-07
1.493428689249097649e-05 9.402360890165620537e-06 7.627595666951191514e-06 8.593368901261316776e-06 7.929675147629180543e-06 7.384434302079397584e-06 6.581617795729896845e-06 -1.417486994988335854e-06 4.709855140900197932e-07 -5.451708565743621746e-08 -1.476007158726085755e-07 -2.204524907000298217e-07 -2.391138387762829595e-07 -2.073654813251474691e-07 -4.340563373902089782e-07 -3.282667770923310603e-07 -2.897461165226979998e-07 -2.844223776676287172e-07 -2.716654586693101203e-07 -2.533720811107625049e-07 -2.365581683864192565e-07
1.452332267142960591e-05 8.239825822217345416e-06 7.029986805218640297e-06 7.929675147629180543e-06 7.661526763812023414e-06 7.229878256056779072e-06 6.694075520010627855e-06 -1.382524420011579325e-06 3.594061289543712356e-07 2.544388394174623763e-08 -1.088099540050237770e-07 -1.621372495612469636e-07 -1.928949785813985784e-07 -1.579533884510093263e-07 -3.885182841112033655e-07 -2.719502758198529718e-07 -2.380950307476595896e-07 -2.347190627931715371e-07 -2.217163869957968629e-07 -2.043424307827907813e-07 -1.815576728031390034e-07
1.390532658070705731e-05 7.777330442988435942e-06 6.533772916257354474e-06 7.384434302079397584e-06 7.229878256056779072e-06 6.873956719328965549e-06 6.480820442868730644e-06 -1.245093679588366653e-06 2.838305213634634839e-07 7.065005019749349729e-08 -8.272017610133619491e-08 -1.253081378320637775e-07 -1.550565098838375900e-07 -1.185475798683481263e-07 -3.312071019876979931e-07 -2.312665707518798906e-07 -1.964279973874789865e-07 -1.938469645438952381e-07 -1.812996700957788159e-07 -1.642085591975919283e-07 -1.381128220752602308e-07
1.372012672867854339e-05 7.702913330290602018e-06 5.904597572509039120e-06 6.581617795729897692e-06 6.694075520010627855e-06 6.480820442868732338e-06 6.461796635028708787e-06 -1.167062842215267397e-06 1.815706222831975882e-07 1.557892985296717399e-07 -3.210076773656689982e-08 -5.448727045410742934e-08 -9.246531300116109521e-08 -4.495192243829621858e-08 -2.038578659018904915e-07 -1.634328403000624344e-07 -1.271940421487559402e-07 -1.244428340451205498e-07 -1.124422934537652769e-07 -9.500326502709117310e-08 -5.404076884930749489e-08
-8.766652130165943553e-07 -8.232513461848743926e-07 -1.366125694269501705e-06 -1.417486994988335643e-06 -1.382524420011578690e-06 -1.245093679588366653e-06 -1.167062842215267609e-06 9.534636928121336694e-07 -1.735287569963866470e-07 1.468443050624970613e-08 2.106859518890184504e-08 2.883183705454104110e-08 5.490291534541130886e-08 2.640967200899931238e-08 6.517867817622038795e-08 3.954070489932925916e-08 6.143306614832021323e-08 5.599284432890853852e-08 5.370888019871956369e-08 4.868141612313912652e-08 3.187423977970649853e-08
-1.555006163019738359e-06 7.669521681664222260e-07 3.685752386252613712e-07 4.709855140900197932e-07 3.594061289543711826e-07 2.838305213634634309e-07 1.815706222831975617e-07 -1.735287569963866470e-07 2.185774460397910029e-07 4.666196147134669239e-08 3.549084193372401215e-08 3.168026353439475824e-08 1.715911899675677359e-08 3.298438059736116644e-09 2.552224423036357046e-08 7.768161873390555057e-09 1.826204915547952889e-08 1.866376878951522764e-08 1.652111398079233292e-08 1.220179391016198942e-08 1.378529538437327210e-09
-2.271153508542626536e-06 -1.936326675135495186e-07 -1.898807816146834233e-07 -5.451708565743621084e-08 2.544388394174624755e-08 7.065005019749349729e-08 1.557892985296717399e-07 1.468443050624972432e-08 4.666196147134669239e-08 1.547578286462773772e-07 7.957104628271416006e-08 9.226603204809713545e-08 8.478161183720951193e-08 7.889810429510534200e-08 9.119175958600591362e-08 7.886441006890717811e-08 9.182681688613748047e-08 9.022916654702802557e-08 8.828169312818961625e-08 8.499356942338665080e-08 8.093837182218560866e-08
-1.489176544288941687e-06 -2.569527087605204010e-07 -2.428772408222414662e-07 -1.476007158726085490e-07 -1.088099540050237770e-07 -8.272017610133618168e-08 -3.210076773656689982e-08 2.106859518890185166e-08 3.549084193372401215e-08 7.957104628271416006e-08 5.483273001591112217e-08 5.929716700988756960e-08 5.300683003913196083e-08 4.791446127533170520e-08 6.281677289751773158e-08 5.412269828547874749e-08 5.906496801123899849e-08 5.819132371993205542e-08 5.674126916796625762e-08 5.419351162690888536e-08 4.973650708578342283e-08
-1.842504951303721452e-06 -3.620089785588544406e-07 -3.324329685654078721e-07 -2.204524907000298217e-07 -1.621372495612469636e-07 -1.253081378320637510e-07 -5.448727045410744257e-08 2.883183705454104110e-08 3.168026353439475824e-08 9.226603204809714869e-08 5.929716700988756960e-08 7.239139784693614761e-08 6.272264848841280833e-08 5.732291917769437059e-08 8.086734635209669689e-08 6.377495015707401896e-08 6.745703183363982087e-08 6.617274381204909735e-08 6.487304654387488844e-08 6.282090591559339874e-08 5.954108662586967138e-08
-1.670009573771611012e-06 -3.328340822109153140e-07 -3.195286307690518217e-07 -2.391138387762830125e-07 -1.928949785813985784e-07 -1.550565098838375900e-07 -9.246531300116110845e-08 5.490291534541130886e-08 1.715911899675677359e-08 8.478161183720951193e-08 5.300683003913196083e-08 6.272264848841280833e-08 5.801997390128315832e-08 5.279555465601426767e-08 7.004904700480483993e-08 5.772121093376717415e-08 6.221084929207152705e-08 6.124720582129404619e-08 6.002051017762179117e-08 5.822718438519846495e-08 5.471436215793380515e-08
-1.393513168800822634e-06 -3.055239507630482349e-07 -2.776676923851428269e-07 -2.073654813251475220e-07 -1.579533884510093263e-07 -1.185475798683481131e-07 -4.495192243829621858e-08 2.640967200899930907e-08 3.298438059736119539e-09 7.889810429510532877e-08 4.791446127533169859e-08 5.732291917769435735e-08 5.279555465601426767e-08 5.118946433738852076e-08 6.659486005986745835e-08 5.404079136764104217e-08 5.703139555366272181e-08 5.630521944894705689e-08 5.535094274228283625e-08 5.419290527733670593e-08 5.328116580493106421e-08
-1.997127883025765406e-06 -2.141787035614512458e-07 -4.977070200495409099e-07 -4.340563373902089782e-07 -3.885182841112033655e-07 -3.312071019876979402e-07 -2.038578659018905445e-07 6.517867817622040118e-08 2.552224423036357377e-08 9.119175958600591362e-08 6.281677289751773158e-08 8.086734635209669689e-08 7.004904700480483993e-08 6.659486005986745835e-08 1.161983725033436565e-07 7.163401593540055240e-08 7.545332053113687025e-08 7.447394362364254005e-08 7.285084313424442001e-08 7.102368024237921089e-08 7.107478489780202768e-08
-1.791543533821420965e-06 -5.644694419522320656e-07 -4.149706922978599151e-07 -3.282667770923310603e-07 -2.719502758198529718e-07 -2.312665707518798906e-07 -1.634328403000624609e-07 3.954070489932926578e-08 7.768161873390553402e-09 7.886441006890717811e-08 5.412269828547874749e-08 6.377495015707400573e-08 5.772121093376717415e-08 5.404079136764104217e-08 7.163401593540055240e-08 6.205209921325031894e-08 6.342287714047512237e-08 6.239859703720966340e-08 6.112964178287292805e-08 5.923482928318945413e-08 5.617886876331734648e-08
-1.836032907135167950e-06 -4.250874157938406512e-07 -3.787248407518476993e-07 -2.897461165226979998e-07 -2.380950307476595896e-07 -1.964279973874789865e-07 -1.271940421487559402e-07 6.143306614832020000e-08 1.826204915547952889e-08 9.182681688613749370e-08 5.906496801123899849e-08 6.745703183363982087e-08 6.221084929207152705e-08 5.703139555366272181e-08 7.545332053113688349e-08 6.342287714047512237e-08 6.890114169842706299e-08 6.769098469837513326e-08 6.606900930301633614e-08 6.342154459351855102e-08 5.934901472935171720e-08
-1.803844307548479130e-06 -4.018055949161226466e-07 -3.671073253913526150e-07 -2.844223776676287172e-07 -2.347190627931715371e-07 -1.938469645438952116e-07 -1.244428340451205498e-07 5.599284432890855175e-08 1.866376878951523095e-08 9.022916654702802557e-08 5.819132371993206204e-08 6.617274381204909735e-08 6.124720582129404619e-08 5.630521944894705689e-08 7.447394362364254005e-08 6.239859703720966340e-08 6.769098469837513326e-08 6.661786357231172138e-08 6.503017122016170914e-08 6.249891616397952597e-08 5.860468379188555950e-08
-1.739320449314055439e-06 -3.905078646421145559e-07 -3.539991768905466664e-07 -2.716654586693101203e-07 -2.217163869957969158e-07 -1.812996700957788423e-07 -1.124422934537652769e-07 5.370888019871953722e-08 1.652111398079232962e-08 8.828169312818961625e-08 5.674126916796625762e-08 6.487304654387487521e-08 6.002051017762179117e-08 5.535094274228283625e-08 7.285084313424440678e-08 6.112964178287292805e-08 6.606900930301632291e-08 6.503017122016169590e-08 6.354589850734545098e-08 6.121381256921481044e-08 5.758708539406543788e-08
-1.636808749258031454e-06 -3.646748075066884547e-07 -3.328040446547816882e-07 -2.533720811107625049e-07 -2.043424307827907813e-07 -1.642085591975919019e-07 -9.500326502709118633e-08 4.868141612313914638e-08 1.220179391016198445e-08 8.499356942338665080e-08 5.419351162690888536e-08 6.282090591559339874e-08 5.822718438519845171e-08 5.419290527733670593e-08 7.102368024237919765e-08 5.923482928318945413e-08 6.342154459351855102e-08 6.249891616397952597e-08 6.121381256921481044e-08 5.932726110499109000e-08 5.634480248854061454e-08
-1.408647925022329742e-06 -3.054233048355567218e-07 -3.026351602833397019e-07 -2.365581683864192565e-07 -1.815576728031390034e-07 -1.381128220752602837e-07 -5.404076884930749489e-08 3.187423977970649191e-08 1.378529538437330932e-09 8.093837182218560866e-08 4.973650708578342283e-08 5.954108662586967138e-08 5.471436215793380515e-08 5.328116580493106421e-08 7.107478489780202768e-08 5.617886876331734648e-08 5.934901472935171720e-08 5.860468379188554626e-08 5.758708539406543788e-08 5.634480248854061454e-08 5.572894587273674564e-08
