1.217769078573529683e-04 3.750903599814763516e-05 1.786568100115216006e-05 1.517391247626706318e-05 1.339428628189982207e-05 1.042573049379729046e-05 6.818520202943182448e-06 -2.232830500854535254e-06 8.199776875722013433e-08 -2.840889857646812709e-06 -2.169505149973036809e-06 -2.221392344376537268e-06 -1.893798782902680265e-06 -1.471153842228150497e-06 -2.117599444083843084e-06 -2.023373284676779795e-06 -2.055275945236677866e-06 -2.035610465722120357e-06 -1.952429785541063982e-06 -1.807839330094835316e-06 -1.483563930537987782e-06
3.750903599814764871e-05 3.258591366997625919e-05 1.036625611794146454e-05 9.601697641759142403e-06 8.444312344773955684e-06 7.266458536849489504e-06 5.462769900373587376e-06 2.500358153255295255e-07 1.074229191514269842e-06 -1.741677234684073431e-07 -5.917057866120099009e-07 -3.841108275744262445e-07 -3.652421374114535364e-07 -1.587419770283008288e-07 -1.229194647145982874e-09 -5.738503543842696590e-07 -4.160512266798366078e-07 -4.007363223244004626e-07 -4.015508921352238326e-07 -3.283063005566303795e-07 -1.296306375942147201e-07
1.786568100115216006e-05 1.036625611794146285e-05 8.088644996796796381e-06 6.624360279428660571e-06 6.863356233638277611e-06 6.194805456740665788e-06 4.623835085129948191e-06 -1.736521740033656748e-06 3.403532015154810823e-07 -3.688050720274053233e-07 -3.187865049019327873e-07 -2.525549765017552324e-07 -2.477634445693611367e-07 -1.387389294835441531e-07 -3.989332607737659271e-07 -2.964571013752566802e-07 -2.965407920831823890e-07 -2.841815966208745814e-07 -2.601813687156656848e-07 -2.281565576232705634e-07 -1.460696590229010090e-07
1.517391247626706657e-05 9.601697641759142403e-06 6.624360279428661418e-06 6.147475135105027131e-06 6.006018459308440177e-06 5.484002734139406690e-06 4.326256940588447824e-06 -1.194248252694928543e-06 3.308634852319269667e-07 -2.264262643021655012e-07 -2.874308070111915182e-07 -2.201285921416119454e-07 -2.098390885240810480e-07 -1.222520295104209698e-07 -3.643870550130802601e-07 -2.868880220582035197e-07 -2.711599019321510886e-07 -2.605048826444121424e-07 -2.410661708742106916e-07 -2.050409010109592839e-07 -1.362449254808311757e-07
1.339428628189982207e-05 8.444312344773955684e-06 6.863356233638277611e-06 6.006018459308440177e-06 6.429431257723842171e-06 5.996697350231200640e-06 4.873126954140695696e-06 -1.465140738811964228e-06 3.063608739586808782e-07 -1.398713690508209287e-07 -2.208152345930939892e-07 -1.434180444800303216e-07 -1.541420026627407981e-07 -8.409289712754158329e-08 -3.433278284298761562e-07 -2.248597708892570393e-07 -2.085698970758075077e-07 -2.015361274141776141e-07 -1.814068966452467476e-07 -1.548965611559840120e-07 -9.875467274522099109e-08
1.042573049379729216e-05 7.266458536849487810e-06 6.194805456740665788e-06 5.484002734139405843e-06 5.996697350231200640e-06 5.714040360168782036e-06 4.840756727598601290e-06 -1.344943134316450461e-06 2.492719619303557117e-07 -4.145957061251977639e-08 -1.620674924389332964e-07 -8.135775079628438374e-08 -1.025476135463868995e-07 -4.895053040029713841e-08 -2.914492655300335797e-07 -1.748670267528702683e-07 -1.521330508117927230e-07 -1.453608444035354068e-07 -1.279627793204067408e-07 -1.060723104683492109e-07 -6.281505182754662016e-08
6.818520202943180754e-06 5.462769900373587376e-06 4.623835085129948191e-06 4.326256940588447824e-06 4.873126954140695696e-06 4.840756727598601290e-06 4.567519555391273099e-06 -8.245701216677416355e-07 1.824297392410157136e-07 1.241552487739328544e-07 -9.360564237071464621e-08 -2.135442113127002854e-08 -4.909150502367797042e-08 -2.914982411706687824e-08 -2.405691009750846425e-07 -1.319477359165221038e-07 -8.769408656684765531e-08 -8.256134920851172099e-08 -7.169993716527299910e-08 -6.027322697639107685e-08 -4.386835990201566053e-08
-2.232830500854535254e-06 2.500358153255294725e-07 -1.736521740033656748e-06 -1.194248252694928543e-06 -1.465140738811964228e-06 -1.344943134316450461e-06 -8.245701216677416355e-07 1.434580991953151955e-06 8.943123883348579842e-08 1.427670416498136475e-07 1.535677399761648293e-08 1.203617973574808297e-08 5.448663911913491027e-08 2.885477203894074767e-08 9.637910682269737935e-08 6.117374886802169391e-09 4.016503086423997057e-08 4.249453898748692749e-08 3.071940352134689777e-08 3.550091013399869897e-08 2.539563642090189898e-08
8.199776875722022698e-08 1.074229191514269842e-06 3.403532015154811353e-07 3.308634852319269667e-07 3.063608739586808782e-07 2.492719619303557117e-07 1.824297392410156871e-07 8.943123883348578519e-08 1.600829302090519954e-07 4.771253991255195863e-08 2.059918214035292242e-08 2.403228230447077759e-08 1.845216268729759876e-08 1.610776884244274655e-08 1.479976256218136752e-08 1.166006221858528243e-08 2.141782724263756544e-08 1.956176002247277968e-08 1.904241711381126428e-08 1.622688151800253445e-08 1.452552906074121332e-08
-2.840889857646813133e-06 -1.741677234684073166e-07 -3.688050720274053233e-07 -2.264262643021654483e-07 -1.398713690508208758e-07 -4.145957061251974331e-08 1.241552487739328544e-07 1.427670416498136740e-07 4.771253991255195863e-08 1.363435584721255020e-07 6.610957249382559181e-08 7.670884794805928460e-08 6.153250825449278392e-08 4.622494872353514845e-08 7.084165147248032282e-08 5.305163656230805705e-08 6.682741905017433215e-08 6.499278362913559962e-08 6.154404272155032849e-08 5.640871521990823981e-08 4.631878882642596373e-08
-2.169505149973036809e-06 -5.917057866120097950e-07 -3.187865049019327873e-07 -2.874308070111915182e-07 -2.208152345930939892e-07 -1.620674924389333229e-07 -9.360564237071468591e-08 1.535677399761647962e-08 2.059918214035292903e-08 6.610957249382557857e-08 5.760290344140074900e-08 6.027870930832403923e-08 4.827743075115472787e-08 3.796412751892320668e-08 5.352911292703679571e-08 5.325675966056756189e-08 5.471402121998089470e-08 5.320128408244290022e-08 5.196518686876082020e-08 4.742348353330313268e-08 3.901434816434298636e-08
-2.221392344376537691e-06 -3.841108275744262445e-07 -2.525549765017552853e-07 -2.201285921416118925e-07 -1.434180444800303216e-07 -8.135775079628437051e-08 -2.135442113127003185e-08 1.203617973574808462e-08 2.403228230447078421e-08 7.670884794805928460e-08 6.027870930832405247e-08 6.720838186222319380e-08 5.379638647428002973e-08 4.417168050770496818e-08 6.333351927332123206e-08 5.629319998665667422e-08 5.929037971190623967e-08 5.792305265953232979e-08 5.649133864644454181e-08 5.272486008994329102e-08 4.562665829771919584e-08
-1.893798782902680265e-06 -3.652421374114535364e-07 -2.477634445693611367e-07 -2.098390885240810480e-07 -1.541420026627407981e-07 -1.025476135463868862e-07 -4.909150502367797704e-08 5.448663911913491027e-08 1.845216268729760207e-08 6.153250825449279716e-08 4.827743075115472787e-08 5.379638647428002973e-08 4.573907946354513199e-08 3.746681067347667680e-08 5.269869635323799446e-08 4.611668363609840051e-08 4.833492339302479727e-08 4.751093012088054034e-08 4.616192876824606210e-08 4.392901551099199863e-08 3.827874498561238071e-08
-1.471153842228150497e-06 -1.587419770283008288e-07 -1.387389294835441531e-07 -1.222520295104209698e-07 -8.409289712754158329e-08 -4.895053040029712518e-08 -2.914982411706687824e-08 2.885477203894074106e-08 1.610776884244274986e-08 4.622494872353514845e-08 3.796412751892321330e-08 4.417168050770496818e-08 3.746681067347667680e-08 3.258276197993712292e-08 4.711542144639262386e-08 3.774213162439264008e-08 3.912333607464145675e-08 3.873094283278249066e-08 3.771451574510183434e-08 3.665557261908007910e-08 3.372910444547686542e-08
-2.117599444083843508e-06 -1.229194647145938827e-09 -3.989332607737659271e-07 -3.643870550130802601e-07 -3.433278284298761562e-07 -2.914492655300335797e-07 -2.405691009750846954e-07 9.637910682269737935e-08 1.479976256218136752e-08 7.084165147248030958e-08 5.352911292703679571e-08 6.333351927332121882e-08 5.269869635323799446e-08 4.711542144639262386e-08 9.454873800635173893e-08 5.469480683861604581e-08 5.899746519698184116e-08 5.815160156432913534e-08 5.521507387456515288e-08 5.330808396201906608e-08 5.125313440077523921e-08
-2.023373284676779795e-06 -5.738503543842696590e-07 -2.964571013752566802e-07 -2.868880220582034668e-07 -2.248597708892570393e-07 -1.748670267528702683e-07 -1.319477359165221038e-07 6.117374886802163601e-09 1.166006221858528243e-08 5.305163656230805705e-08 5.325675966056756189e-08 5.629319998665667422e-08 4.611668363609840051e-08 3.774213162439264008e-08 5.469480683861603258e-08 5.194132601382662807e-08 5.142461959813181928e-08 5.025305471882202762e-08 4.920963561990253951e-08 4.576885001877651972e-08 3.918114080507909788e-08
-2.055275945236677866e-06 -4.160512266798365549e-07 -2.965407920831823360e-07 -2.711599019321510357e-07 -2.085698970758075077e-07 -1.521330508117927230e-07 -8.769408656684765531e-08 4.016503086423995733e-08 2.141782724263757206e-08 6.682741905017433215e-08 5.471402121998089470e-08 5.929037971190623967e-08 4.833492339302479727e-08 3.912333607464145675e-08 5.899746519698184116e-08 5.142461959813181928e-08 5.399931826644981894e-08 5.277214889376895480e-08 5.123228115548599208e-08 4.749673090462134590e-08 4.059926410807291709e-08
-2.035610465722120357e-06 -4.007363223244004626e-07 -2.841815966208746343e-07 -2.605048826444121424e-07 -2.015361274141776141e-07 -1.453608444035354068e-07 -8.256134920851172099e-08 4.249453898748692749e-08 1.956176002247277637e-08 6.499278362913558639e-08 5.320128408244290022e-08 5.792305265953231655e-08 4.751093012088053372e-08 3.873094283278249066e-08 5.815160156432913534e-08 5.025305471882202100e-08 5.277214889376894818e-08 5.174042966784202200e-08 5.020960250331414044e-08 4.676248544281715615e-08 4.022249022684094071e-08
-1.952429785541063982e-06 -4.015508921352238326e-07 -2.601813687156656848e-07 -2.410661708742106916e-07 -1.814068966452467741e-07 -1.279627793204067408e-07 -7.169993716527297263e-08 3.071940352134689115e-08 1.904241711381126428e-08 6.154404272155032849e-08 5.196518686876082020e-08 5.649133864644454181e-08 4.616192876824606210e-08 3.771451574510183434e-08 5.521507387456515288e-08 4.920963561990253951e-08 5.123228115548599208e-08 5.020960250331414044e-08 4.887742640579009732e-08 4.552170593449111492e-08 3.911452697552183437e-08
-1.807839330094835316e-06 -3.283063005566302207e-07 -2.281565576232705104e-07 -2.050409010109592574e-07 -1.548965611559840120e-07 -1.060723104683491844e-07 -6.027322697639103715e-08 3.550091013399869897e-08 1.622688151800253776e-08 5.640871521990823981e-08 4.742348353330313268e-08 5.272486008994327778e-08 4.392901551099199863e-08 3.665557261908008572e-08 5.330808396201906608e-08 4.576885001877651311e-08 4.749673090462134590e-08 4.676248544281715615e-08 4.552170593449111492e-08 4.315414052412234421e-08 3.797351380960423557e-08
-1.483563930537987570e-06 -1.296306375942146407e-07 -1.460696590229009825e-07 -1.362449254808311757e-07 -9.875467274522097786e-08 -6.281505182754659369e-08 -4.386835990201566715e-08 2.539563642090188906e-08 1.452552906074121332e-08 4.631878882642596373e-08 3.901434816434298636e-08 4.562665829771919584e-08 3.827874498561237409e-08 3.372910444547686542e-08 5.125313440077523921e-08 3.918114080507909788e-08 4.059926410807291709e-08 4.022249022684094071e-08 3.911452697552183437e-08 3.797351380960423557e-08 3.532439060965284831e-08
