2.082690432320770786e-05 7.371292075473336618e-06 1.084338303326028982e-06 -6.464318946898056729e-07 -9.583312101326975855e-07 -1.016390199211312318e-06 -5.225584825338800371e-07 -3.321512818215250977e-06 -6.401296555757995918e-09 -4.605663612729345385e-07 -4.436696967308596794e-09 1.541385633326023936e-07 1.394788282685748371e-07 1.024323674547486379e-07 3.439737699074580437e-07 8.374811202897446847e-08 1.405751401549705323e-07 1.118102004175243550e-07 1.580338191859431634e-07 1.511259411573596076e-07 9.160303901037193063e-08
7.371292075473336618e-06 4.560053387015168002e-06 7.203880942850340267e-07 6.612100225730630454e-09 -2.097457050377913737e-07 -2.483482136449269683e-07 -2.329561349076465734e-08 -1.149653643987293405e-06 1.748313792569061094e-07 -2.679538079074905655e-07 2.527288121741635322e-08 7.277695715525006823e-08 5.938787920642787828e-08 6.848037099499333142e-08 1.964355306665782840e-07 5.007407922977649136e-08 4.807796017763981846e-08 6.375755964763425384e-08 7.656100188853975547e-08 6.746534391753232243e-08 6.367000256500855730e-08
1.084338303326028982e-06 7.203880942850340267e-07 9.090558543559451190e-07 5.731991938863904474e-07 4.739458225197790852e-07 4.333438271841525333e-07 4.078492816679893745e-07 -5.241584311732319914e-08 9.474887113309221459e-08 -6.771647682378066386e-08 -2.767853796345845357e-08 2.499153387340396372e-09 8.001077480902783458e-09 1.266055888429519524e-08 4.804784695792745864e-08 3.850885149702022899e-09 2.136668567595150072e-10 -2.420387790953280608e-09 1.294801779167077290e-08 1.689824380519709155e-08 1.211610618234204630e-08
-6.464318946898056729e-07 6.612100225730552699e-09 5.731991938863904474e-07 5.721210262516518276e-07 4.783371094021425257e-07 4.083723521643848540e-07 3.149698125916928275e-07 2.237829416737827776e-08 5.679146807952815411e-08 -8.193133739561696772e-08 -5.123501045353139555e-08 -3.400482125392436240e-08 -3.551704829363679089e-08 -2.694255351220893775e-08 4.886135282278837411e-09 -2.803811658166598851e-08 -3.590764337693313074e-08 -3.473747198973514541e-08 -2.795071782714520168e-08 -2.752450171614996853e-08 -2.567978174591111528e-08
-9.583312101326977973e-07 -2.097457050377913737e-07 4.739458225197790852e-07 4.783371094021425257e-07 4.447300640078730718e-07 3.904957621918453807e-07 2.944840816062444109e-07 1.907137310500666616e-07 2.587105103315068603e-08 -3.998655874496553407e-08 -4.826210160991949525e-08 -3.609111475114444878e-08 -3.761548929850964731e-08 -3.139788809452187401e-08 -2.230822385473728623e-08 -3.228488068158138198e-08 -4.303782713465255541e-08 -3.820773299616794155e-08 -3.430906972723065714e-08 -3.230694577523669265e-08 -3.092978779437177200e-08
-1.016390199211312318e-06 -2.483482136449269683e-07 4.333438271841525333e-07 4.083723521643848540e-07 3.904957621918453807e-07 3.695292145900694175e-07 2.909136588550392453e-07 3.283717574170772125e-07 5.199937331944678906e-09 -5.362612866504561501e-09 -2.793647591399626056e-08 -2.258325576119704343e-08 -2.097063534455738157e-08 -1.732058799769020509e-08 -1.808239251346489607e-08 -1.697226558431695006e-08 -2.544628211666649219e-08 -2.220988965711032254e-08 -2.114847811063486299e-08 -1.729244922439679337e-08 -1.670513948974848216e-08
-5.225584825338799313e-07 -2.329561349076465403e-08 4.078492816679893745e-07 3.149698125916928275e-07 2.944840816062444109e-07 2.909136588550392983e-07 2.824049670031903556e-07 3.758413995827264293e-07 5.828262441815080356e-08 2.867325379917376608e-09 -1.033579091193906031e-08 2.224769685314151723e-09 5.597002013302039727e-09 8.523010179802105200e-09 4.858778411052431196e-09 4.710356092208226485e-09 1.011780552904570858e-09 -1.512149924891022544e-10 4.051484248771194107e-09 9.238493812128247856e-09 8.032087560795918985e-09
-3.321512818215250977e-06 -1.149653643987293405e-06 -5.241584311732317928e-08 2.237829416737828438e-08 1.907137310500666616e-07 3.283717574170772125e-07 3.758413995827264293e-07 2.193742709314950655e-06 -1.556869766469365827e-07 1.864070184295191797e-07 2.455514194087679864e-08 2.191625533605297752e-08 3.104857660425067238e-08 2.071154792780560375e-08 -7.506261710515607211e-08 1.905925200862141540e-08 1.389047696568906980e-08 2.219820328429376082e-08 1.719555521104417747e-09 1.969213165064658891e-08 1.709987988486609610e-08
-6.401296555757966139e-09 1.748313792569061094e-07 9.474887113309221459e-08 5.679146807952814749e-08 2.587105103315068272e-08 5.199937331944678906e-09 5.828262441815081679e-08 -1.556869766469365827e-07 2.050050609082564963e-07 4.785450952803661835e-09 1.072128289332899817e-08 2.447171905122386961e-08 2.420766866844324431e-08 2.991682949548797400e-08 3.067869918899893099e-08 2.304148730168095589e-08 2.702599479252913460e-08 1.806101325301998727e-08 2.883207890254988022e-08 2.836581450091869602e-08 3.008603315578283490e-08
-4.605663612729345385e-07 -2.679538079074905655e-07 -6.771647682378066386e-08 -8.193133739561696772e-08 -3.998655874496553407e-08 -5.362612866504563982e-09 2.867325379917378676e-09 1.864070184295192326e-07 4.785450952803663490e-09 7.319378297420535244e-08 2.159081296523842746e-08 1.477370379147338620e-08 1.837893651611580430e-08 1.533586660223941579e-08 -2.550773082511491919e-09 1.397095669711081455e-08 1.994308600628399476e-08 1.615095564039707838e-08 1.464090348040105807e-08 1.634497491512246837e-08 1.570637797219607390e-08
-4.436696967308616646e-09 2.527288121741635652e-08 -2.767853796345845357e-08 -5.123501045353139555e-08 -4.826210160991949525e-08 -2.793647591399627049e-08 -1.033579091193906031e-08 2.455514194087679864e-08 1.072128289332899817e-08 2.159081296523842746e-08 2.149445834009844967e-08 1.269126467691139821e-08 1.477969949508064853e-08 1.337869723579800917e-08 4.271171599638729632e-09 1.461974312528993919e-08 1.707038340196439161e-08 1.530600779719333057e-08 1.393428315643247673e-08 1.420451666601421277e-08 1.358928184860776053e-08
1.541385633326023936e-07 7.277695715525006823e-08 2.499153387340396786e-09 -3.400482125392436240e-08 -3.609111475114445540e-08 -2.258325576119704674e-08 2.224769685314150896e-09 2.191625533605297752e-08 2.447171905122386961e-08 1.477370379147338786e-08 1.269126467691139986e-08 1.360162119152431535e-08 1.525962886455831655e-08 1.431148387090476432e-08 1.215479553629859075e-08 1.316060872680588677e-08 1.653664026269174953e-08 1.341799149197173773e-08 1.445148055990114347e-08 1.510990233062030847e-08 1.429931454804983373e-08
1.394788282685748371e-07 5.938787920642787828e-08 8.001077480902781803e-09 -3.551704829363679089e-08 -3.761548929850964731e-08 -2.097063534455738488e-08 5.597002013302038900e-09 3.104857660425066576e-08 2.420766866844324431e-08 1.837893651611580761e-08 1.477969949508064853e-08 1.525962886455831324e-08 1.764053520299843675e-08 1.652471982987885305e-08 1.379781446471310965e-08 1.518528621167263206e-08 1.897624029048327331e-08 1.534377334900046274e-08 1.656734954995060091e-08 1.744797346551379632e-08 1.653565770664090213e-08
1.024323674547486379e-07 6.848037099499331819e-08 1.266055888429519524e-08 -2.694255351220894106e-08 -3.139788809452188063e-08 -1.732058799769020509e-08 8.523010179802106855e-09 2.071154792780560044e-08 2.991682949548796739e-08 1.533586660223941579e-08 1.337869723579800917e-08 1.431148387090476432e-08 1.652471982987885966e-08 1.626577288815720250e-08 1.530607784639977319e-08 1.449418335775918278e-08 1.767690830984011636e-08 1.432170224898223302e-08 1.587173950319462393e-08 1.663801410889766026e-08 1.628907922973777821e-08
3.439737699074580437e-07 1.964355306665782840e-07 4.804784695792745864e-08 4.886135282278837411e-09 -2.230822385473728623e-08 -1.808239251346489607e-08 4.858778411052432850e-09 -7.506261710515607211e-08 3.067869918899893099e-08 -2.550773082511491919e-09 4.271171599638729632e-09 1.215479553629859075e-08 1.379781446471310965e-08 1.530607784639977319e-08 3.526874400529524052e-08 1.063763120661686481e-08 1.686763212106672460e-08 1.218533818338513262e-08 1.555299279592503506e-08 1.516416027451625854e-08 1.560738654750712449e-08
8.374811202897446847e-08 5.007407922977649136e-08 3.850885149702025380e-09 -2.803811658166598851e-08 -3.228488068158138198e-08 -1.697226558431695006e-08 4.710356092208227313e-09 1.905925200862141540e-08 2.304148730168095920e-08 1.397095669711081621e-08 1.461974312528993919e-08 1.316060872680588677e-08 1.518528621167263206e-08 1.449418335775918278e-08 1.063763120661686481e-08 1.462311570820104923e-08 1.665292311099309859e-08 1.369446580282953473e-08 1.420812656609449988e-08 1.513778133106915632e-08 1.467344850954855523e-08
1.405751401549705323e-07 4.807796017763983169e-08 2.136668567595174888e-10 -3.590764337693313074e-08 -4.303782713465255541e-08 -2.544628211666649219e-08 1.011780552904572513e-09 1.389047696568907642e-08 2.702599479252913460e-08 1.994308600628399806e-08 1.707038340196439161e-08 1.653664026269174622e-08 1.897624029048327331e-08 1.767690830984011636e-08 1.686763212106672460e-08 1.665292311099309859e-08 2.232900292592181238e-08 1.742120302227320729e-08 1.846021812818745942e-08 1.902090393943224527e-08 1.794752941673277044e-08
1.118102004175243550e-07 6.375755964763425384e-08 -2.420387790953282262e-09 -3.473747198973514541e-08 -3.820773299616794817e-08 -2.220988965711032254e-08 -1.512149924891027455e-10 2.219820328429375420e-08 1.806101325301998727e-08 1.615095564039708169e-08 1.530600779719333057e-08 1.341799149197173773e-08 1.534377334900046274e-08 1.432170224898223302e-08 1.218533818338513262e-08 1.369446580282953473e-08 1.742120302227320729e-08 1.443540483414546963e-08 1.470835053382020179e-08 1.516614347260048530e-08 1.444421467254667530e-08
1.580338191859431634e-07 7.656100188853975547e-08 1.294801779167077290e-08 -2.795071782714520168e-08 -3.430906972723065714e-08 -2.114847811063485968e-08 4.051484248771194107e-09 1.719555521104420435e-09 2.883207890254988353e-08 1.464090348040105807e-08 1.393428315643247673e-08 1.445148055990114016e-08 1.656734954995060091e-08 1.587173950319462393e-08 1.555299279592503506e-08 1.420812656609449822e-08 1.846021812818745611e-08 1.470835053382020510e-08 1.629303336343788547e-08 1.671176611868812191e-08 1.593397425803962133e-08
1.511259411573596076e-07 6.746534391753232243e-08 1.689824380519708493e-08 -2.752450171614997183e-08 -3.230694577523669265e-08 -1.729244922439679337e-08 9.238493812128246202e-09 1.969213165064658891e-08 2.836581450091869602e-08 1.634497491512246837e-08 1.420451666601421277e-08 1.510990233062030847e-08 1.744797346551379632e-08 1.663801410889766026e-08 1.516416027451625854e-08 1.513778133106915632e-08 1.902090393943224527e-08 1.516614347260048530e-08 1.671176611868812191e-08 1.754256279878729028e-08 1.667330457253138422e-08
9.160303901037193063e-08 6.367000256500857053e-08 1.211610618234204630e-08 -2.567978174591111859e-08 -3.092978779437177862e-08 -1.670513948974847554e-08 8.032087560795922294e-09 1.709987988486609610e-08 3.008603315578283490e-08 1.570637797219607059e-08 1.358928184860776053e-08 1.429931454804983373e-08 1.653565770664090213e-08 1.628907922973777821e-08 1.560738654750712780e-08 1.467344850954855854e-08 1.794752941673277044e-08 1.444421467254667199e-08 1.593397425803962133e-08 1.667330457253138422e-08 1.639045785081131303e-08
