0.309973 0.149358
0.150102 0.101675
0.081471 0.068073
0.060401 0.044078
-0.003312 0.029280
0.011909 0.020082
0.040995 0.013749
0.006995 0.009238
0.041035 0.006281
0.031158 0.004225
0.008294 0.002842
0.004814 0.001930
0.002517 0.001304
0.009927 0.000883
0.004779 0.000593
0.008082 0.000402
0.004407 0.000271
0.004861 0.000183
0.000959 0.000123
0.004185 0.000083
0.002290 0.000056
0.004110 0.000038
0.003930 0.000025
0.004650 0.000017
0.006051 0.000012
0.006022 0.000008
0.007239 0.000005
0.006771 0.000004
0.005500 0.000002
0.006894 0.000002
0.005791 0.000001
0.007279 0.000001
0.006485 0.000001
0.006572 0.000000
0.006866 0.000000
0.007950 0.000000
